3923
6104
1302
6026
2718
6179
574
2320
2808
66
134
252
6102
6083
4476
4063
4388
20
6040
6044
3997
507
3939
468
3937
3936
2700
3876
3932
4031
1757
1010
4773
90
4604
703
7218
6013
6012
6014
6017
6016
6019
6024
5718
723
2417
6018
765
293
290
153
606
559
3941
5294
3947
1898
4200
87
7247
7246
7245
7244
2340
4924
6107
4513
1719
4120
5455
6101
6028
6029
6181
6180
6020
6021
6022
6023
1656
6025
1405
6027
3917
147
3810
3811
4211
581
3957
380
5251
6178
387
6176
6177
6938
4118
4119
2452
904
4757
4512
5934
6106
6031
6030
493
805
7187