3923
1268
7185
1256
4148
4145
3873
4146
818
819
346
341
342
811
813
814
349
6129
817
718
716
714
713
712
6099
6098
5463
6091
6090
6093
6092
6094
6844
2709
6068
1063
1064
6799
298
4074
295
290
291
1128
590
593
592
595
198
309
194
193
1088
273
274
275
276
277
279
569
2981
524
526
527
520
521
522
523
312
1016
528
529
1236
448
304
2449
4192
4218
444
6932
6933
109
6936
6937
6934
6935
102
696
101
106
6057
6033
904
33
32
695
37
6506
35
641
640
6075
642
645
6072
439
436
432
6079
6078
7158
6032
3809
338
3804
3807
331
333
3802
4101
4100
4103
4102
1908
4109
854
856
850
6432
853
858
6206
541
554
6208
6209
3884
3999
4773
94
1353
424
1466
1995
4075
6110
1629
4071
4073
4072
3961
7171
5816
239
740
741
559
558
749
4183
556
551
550
553
552
7175
7177
7176
238
7170
7173
7172
234
235
230
7178
233
1198
6109
6108
2226
6105
2222
6100
1
1792
1757
146
1176
144
142
140
612
613
610
611
617
148
1178
1284
1281
948
2129
947
940
7188
7189
6039
6038
688
7180
7181
7182
686
6037
7201
683
459
132
131
620
4228
136
135
134
494
139
1196
4221
492
24
26
27
20
22
23
29
407
406
404
1374
401
1376
933
931
930
937
936
935
934
3939
3934
3932
5997
1950
2452
5998
4131
5692
378
828
824
827
826
820
823
376
1278
1244
709
3916
705
706
707
6859
702
1483
392
88
390
894
80
87
84
796
790
2300
798
7
1654
4062
580
299
2287
244
241
240
243
921
1435
518
511
512
515
514
517
516
458
591
621
1224
627
1086
450
451
629
455
4186
176
174
173
172
1502
6043
2058
596
6042
183
6040
6046
653
650
6045
6048
3086
1507
3879
578
3872
185
3947
2112
3885
7219
15
17
16
4057
863
862
3808
867
7217
6217
6216
2026
884
6212
6211
6210
6218
3904
3901
885
54
1362
2810
1968
4162
1618
4160
322
3970
320
321
325
3812
5805
201
200
777
758
204
207
772
208
779
778
685
73
70
1360
687
78
1043
7183
6132
6133
6130
6131
1341
6134
6135
1768
359
1760
1141
1262
2184
663
661
2091
6007
691
6002
697
694
1541
698
6008
543
540
7198
544
2385
7190
7197
7195
7194
869
1313
2461
992
651
122
124
125
126
4238
4237
129
1010
1827
929
411
412
7163
1385
923
6116
499
319
318
6123
3941
311
310
6111
7229
7164
7165
833
831
7243
837
834
4122
838
368
367
365
360
1830
380
381
382
383
385
387
389
6175
5482
784
4056
4055
787
780
781
782
1729
1649
789
4059
1721
6931
3917
5878
252
3610
883
2298
572
570
577
575
62
64
65
103
68
251
157
7159
2155
7157
7156
7154
731
730
1039
735
734
737
509
507
504
505
502
503
630
631
632
633
634
636
465
464
467
466
461
786
462
4054
1864
1867
164
165
161
162
163
964
1571
1457
6058
6055
1517
6056
2107
3868
2635
6097
1648
4058
681
1810
874
872
871
6223
6220
6221
6226
6227
6224
6225
6073
2039
2038
890
891
892
3913
6070
649
4790
638
4154
4155
1971
357
809
354
430
4513
800
807
806
805
768
215
213
762
761
766
1787
6125
6124
6127
6126
6121
6088
6122
6086
6087
6082
6128
6080
6081
6186
1074
1075
289
281
280
282
284
3760
1097
674
676
672
260
267
3803
265
6021
269
268
2499
58
6017
2559
56
51
3007
53
537
535
614
530
2257
1295
982
67
2178
115
114
117
776
111
118
4205
379
773
1852
1524
1525
2176
918
421
423
916
2077
6069
427
308
3813
3810
3811
3957
2539
4116
4117
4114
4115
4112
4113
4110
4111
1939
847
844
841
840
2207
147
822
1581
488
1630
4063
4060
4061
1636
6089
1735
1736
6207
7162
752
751
750
508
754
563
565
2180
229
228
226
4604
222
220
1025
1024
7168
7169
6118
6119
6142
6114
6115
7160
7161
7166
7167
6112
6113
2358
725
723
2230
605
150
153
1048
603
159
158
1387
469
6940
7184
6945
2132
49
951
950
952
40
1569
6185
6184
1119
1561
1291
1448
4097
4096
4095
4094
4099
4098
6047
7231
485
484
482
1714
476
477
474
478
6231
6339
187